# phone_timestamp_us, pc_timestamp_us
113692594200, 1781790248745349
113692627545, 1781790248778735
113692660891, 1781790248811869
113692694236, 1781790248845379
113692727581, 1781790248878929
113692760927, 1781790248911849
113692794272, 1781790248945492
113692827618, 1781790248979122
113692860963, 1781790249012605
113692894309, 1781790249046377
113692927654, 1781790249078814
113692961000, 1781790249112362
113692994345, 1781790249145344
113693027690, 1781790249178910
113693061036, 1781790249212201
113693094381, 1781790249245593
113693127727, 1781790249278892
113693161072, 1781790249311905
113693194418, 1781790249345408
113693227763, 1781790249380173
113693261109, 1781790249412264
113693294454, 1781790249446116
113693327800, 1781790249479091
113693361145, 1781790249512903
113693394490, 1781790249546124
113693427836, 1781790249578836
113693461181, 1781790249612616
113693494527, 1781790249645697
113693527872, 1781790249678737
113693561218, 1781790249712214
113693594563, 1781790249745696
113693627909, 1781790249778761
113693661254, 1781790249812665
113693694599, 1781790249846236
113693727945, 1781790249879143
113693761290, 1781790249912618
113693794636, 1781790249945450
113693827981, 1781790249979264
113693861327, 1781790250013864
113693894672, 1781790250046132
113693928018, 1781790250079166
113693961363, 1781790250112351
113693994708, 1781790250145622
113694028054, 1781790250179237
113694061399, 1781790250212752
113694094745, 1781790250245850
113694128090, 1781790250279799
113694161436, 1781790250313286
113694194781, 1781790250345905
113694228126, 1781790250379565
113694261472, 1781790250412180
113694294817, 1781790250445518
113694328163, 1781790250479418
113694361508, 1781790250512465
113694394854, 1781790250545324
113694428199, 1781790250579158
113694461544, 1781790250612602
113694494890, 1781790250646560
113694528235, 1781790250678868
113694561581, 1781790250712126
113694594926, 1781790250745389
113694628272, 1781790250778843
113694661617, 1781790250812100
113694694962, 1781790250845853
113694728308, 1781790250878688
113694761653, 1781790250911994
113694794999, 1781790250945756
113694828344, 1781790250979201
113694861690, 1781790251012839
113694895035, 1781790251045559
113694928381, 1781790251079224
113694961726, 1781790251111980
113694995071, 1781790251145510
113695028417, 1781790251178993
113695061762, 1781790251212259
113695095108, 1781790251245877
113695128453, 1781790251279218
113695161799, 1781790251312789
113695195144, 1781790251346296
113695228489, 1781790251382455
113695261835, 1781790251412638
113695295180, 1781790251445728
113695328526, 1781790251479516
113695361871, 1781790251512740
113695395217, 1781790251545909
113695428562, 1781790251579638
113695461907, 1781790251612797
113695495253, 1781790251645909
113695528598, 1781790251678858
113695561944, 1781790251712706
113695595289, 1781790251745692
113695628635, 1781790251779400
113695661980, 1781790251812766
113695695325, 1781790251845890
113695728671, 1781790251879072
113695762016, 1781790251912526
113695795362, 1781790251945319
113695828707, 1781790251978938
113695862053, 1781790252012715
113695895398, 1781790252045820
113695928743, 1781790252078862
113695962089, 1781790252112126
113695995434, 1781790252145934
113696028780, 1781790252179263
113696062125, 1781790252212148
113696095470, 1781790252245791
113696128816, 1781790252279404
113696162161, 1781790252311984
113696195507, 1781790252345484
113696228852, 1781790252380117
113696262198, 1781790252412397
113696295543, 1781790252445997
113696328888, 1781790252479557
113696362234, 1781790252512350
113696395579, 1781790252545163
113696428925, 1781790252579010
113696462270, 1781790252611952
113696495616, 1781790252645297
113696528961, 1781790252678921
113696562306, 1781790252711908
113696595652, 1781790252745222
113696628997, 1781790252778640
113696662343, 1781790252814562
113696695688, 1781790252845752
113696729033, 1781790252878787
113696762379, 1781790252912545
113696795724, 1781790252945459
113696829070, 1781790252978682
113696862415, 1781790253012379
113696895761, 1781790253045590
113696929106, 1781790253079109
113696962451, 1781790253112057
113696995797, 1781790253145379
113697029142, 1781790253178860
113697062488, 1781790253212173
113697095833, 1781790253245445
113697129179, 1781790253278690
113697162524, 1781790253312174
113697195869, 1781790253345820
113697229215, 1781790253378768
113697262560, 1781790253412111
113697295906, 1781790253445498
113697329251, 1781790253478747
113697362596, 1781790253514052
113697395942, 1781790253545853
113697429287, 1781790253579340
113697462633, 1781790253611902
113697495978, 1781790253649351
113697529323, 1781790253678875
113697562669, 1781790253712137
113697596014, 1781790253745119
113697629360, 1781790253778724
113697662705, 1781790253813224
113697696051, 1781790253845391
113697729396, 1781790253878528
113697762741, 1781790253912821
113697796087, 1781790253945764
113697829432, 1781790253979181
113697862778, 1781790254012859
113697896123, 1781790254045658
113697929468, 1781790254078543
113697962814, 1781790254112314
113697996159, 1781790254145381
113698029505, 1781790254178661
113698062850, 1781790254215346
113698096195, 1781790254245736
113698129541, 1781790254278988
113698162886, 1781790254311725
113698196232, 1781790254345519
113698229577, 1781790254379641
113698262923, 1781790254412271
113698296268, 1781790254445831
113698329613, 1781790254478750
113698362959, 1781790254512337
113698396304, 1781790254545823
113698429650, 1781790254579119
113698462995, 1781790254612438
113698496340, 1781790254645822
113698529686, 1781790254678586
113698563031, 1781790254711851
113698596377, 1781790254745470
113698629722, 1781790254779089
113698663067, 1781790254812492
113698696413, 1781790254848909
113698729758, 1781790254880103
113698763104, 1781790254912269
113698796449, 1781790254945338
113698829794, 1781790254978441
113698863140, 1781790255014836
113698896485, 1781790255045336
113698929831, 1781790255079270
113698963176, 1781790255113765
113698996521, 1781790255146757
113699029867, 1781790255179068
113699063212, 1781790255212085
113699096558, 1781790255245090
113699129903, 1781790255278711
113699163248, 1781790255311837
113699196594, 1781790255345558
113699229939, 1781790255379344
113699263285, 1781790255413880
113699296630, 1781790255445510
113699329975, 1781790255479147
113699363321, 1781790255511913
113699396666, 1781790255545192
113699430012, 1781790255578684
113699463357, 1781790255612354
113699496702, 1781790255645801
113699530048, 1781790255678645
113699563393, 1781790255711895
113699596739, 1781790255745562
113699630084, 1781790255778845
113699663429, 1781790255812763
113699696775, 1781790255846003
113699730120, 1781790255878524
113699763465, 1781790255912058
113699796811, 1781790255945089
113699830156, 1781790255978846
113699863502, 1781790256017199
113699896847, 1781790256045184
113699930192, 1781790256079002
113699963538, 1781790256112355
113699996883, 1781790256145129
113700030229, 1781790256178734
113700063574, 1781790256212156
113700096919, 1781790256245238
113700130265, 1781790256278498
113700163610, 1781790256312020
113700196956, 1781790256345223
113700230301, 1781790256379773
113700263646, 1781790256412176
113700296992, 1781790256445137
113700330337, 1781790256478393
113700363682, 1781790256512014
113700397028, 1781790256545255
113700430373, 1781790256578631
113700463719, 1781790256612584
113700497064, 1781790256647126
113700530410, 1781790256679015
113700563755, 1781790256712119
113700597100, 1781790256745942
113700630446, 1781790256779009
113700663791, 1781790256812575
113700697136, 1781790256845694
113700730482, 1781790256878308
113700763827, 1781790256913833
113700797173, 1781790256945631
113700830518, 1781790256978950
113700863863, 1781790257013995
113700897209, 1781790257045569
113700930554, 1781790257078938
113700963899, 1781790257111728
113700997245, 1781790257145065
113701030590, 1781790257178834
113701063936, 1781790257212255
113701097281, 1781790257246636
113701130626, 1781790257278987
113701163972, 1781790257311999
113701197317, 1781790257345462
113701230663, 1781790257379156
113701264008, 1781790257412310
113701297353, 1781790257446266
113701330699, 1781790257479009
113701364044, 1781790257512653
113701397389, 1781790257545901
113701430735, 1781790257579363
113701464080, 1781790257612960
113701497425, 1781790257646183
113701530771, 1781790257678495
113701564116, 1781790257712018
113701597462, 1781790257745482
113701630807, 1781790257778892
113701664152, 1781790257812386
113701697498, 1781790257846070
113701730843, 1781790257879213
113701764188, 1781790257912654
113701797534, 1781790257945669
113701830879, 1781790257978827
113701864225, 1781790258013614
113701897570, 1781790258045793
113701930915, 1781790258079014
113701964261, 1781790258112149
113701997606, 1781790258145527
113702030951, 1781790258178937
113702064297, 1781790258212097
113702097642, 1781790258245690
113702130987, 1781790258278980
113702164333, 1781790258312282
113702197678, 1781790258345225
113702231024, 1781790258379937
113702264369, 1781790258415479
113702297714, 1781790258445701
113702331060, 1781790258478970
113702364405, 1781790258512043
113702397751, 1781790258545972
113702431096, 1781790258579122
113702464441, 1781790258611909
113702497787, 1781790258645431
113702531132, 1781790258678582
113702564477, 1781790258711819
113702597823, 1781790258746294
113702631168, 1781790258778888
113702664513, 1781790258814246
113702697859, 1781790258845792
113702731204, 1781790258878733
113702764550, 1781790258912313
113702797895, 1781790258945522
113702831240, 1781790258979248
113702864586, 1781790259012761
113702897931, 1781790259046315
113702931276, 1781790259079474
113702964622, 1781790259112272
113702997967, 1781790259145215
113703031312, 1781790259178724
113703064658, 1781790259212440
113703098003, 1781790259245868
113703131349, 1781790259278323
113703164694, 1781790259311787
113703198039, 1781790259345305
113703231385, 1781790259379435
113703264730, 1781790259412147
113703298075, 1781790259445319
113703331421, 1781790259478548
113703364766, 1781790259512267
113703398112, 1781790259545595
113703431457, 1781790259578458
113703464802, 1781790259612542
113703498148, 1781790259646020
113703531493, 1781790259678721
113703564838, 1781790259711991
113703598184, 1781790259745637
113703631529, 1781790259778496
113703664874, 1781790259812072
113703698220, 1781790259845283
113703731565, 1781790259878413
113703764910, 1781790259912286
113703798256, 1781790259947092
113703831601, 1781790259979011
113703864947, 1781790260012480
113703898292, 1781790260045735
113703931637, 1781790260078741
113703964983, 1781790260112055
113703998328, 1781790260145767
113704031673, 1781790260178373
113704065019, 1781790260213671
113704098364, 1781790260245382
113704131709, 1781790260278439
113704165055, 1781790260311878
113704198400, 1781790260345552
113704231745, 1781790260379138
113704265091, 1781790260412117
113704298436, 1781790260445404
113704331781, 1781790260478455
113704365127, 1781790260512751
113704398472, 1781790260546208
113704431817, 1781790260578965
113704465163, 1781790260612381
113704498508, 1781790260645224
113704531854, 1781790260678340
113704565199, 1781790260711772
113704598544, 1781790260745271
113704631890, 1781790260778381
113704665235, 1781790260812636
113704698580, 1781790260845257
113704731926, 1781790260878493
113704765271, 1781790260911778
113704798616, 1781790260945089
113704831962, 1781790260978530
113704865307, 1781790261013534
113704898652, 1781790261045333
113704931998, 1781790261078911
113704965343, 1781790261111869
113704998688, 1781790261145268
113705032034, 1781790261178526
113705065379, 1781790261212035
113705098724, 1781790261245438
113705132070, 1781790261278413
113705165415, 1781790261311833
113705198760, 1781790261345441
113705232106, 1781790261378654
113705265451, 1781790261412046
113705298797, 1781790261445811
113705332142, 1781790261478569
113705365487, 1781790261512319
113705398833, 1781790261545306
113705432178, 1781790261578378
113705465523, 1781790261612463
113705498869, 1781790261645724
113705532214, 1781790261678377
113705565559, 1781790261711801
113705598905, 1781790261745292
113705632250, 1781790261778804
113705665595, 1781790261812309
113705698941, 1781790261845809
113705732286, 1781790261879392
113705765631, 1781790261912239
113705798977, 1781790261945011
113705832322, 1781790261978606
113705865667, 1781790262012512
113705899013, 1781790262045460
113705932358, 1781790262078927
113705965703, 1781790262111719
113705999049, 1781790262145850
113706032394, 1781790262178868
113706065739, 1781790262211921
113706099085, 1781790262245336
113706132430, 1781790262278540
113706165775, 1781790262312166
113706199121, 1781790262345692
113706232466, 1781790262378327
113706265811, 1781790262411927
113706299157, 1781790262445304
113706332502, 1781790262478690
113706365847, 1781790262511798
113706399193, 1781790262545015
113706432538, 1781790262578569
113706465883, 1781790262612380
113706499229, 1781790262645567
113706532574, 1781790262678406
113706565919, 1781790262712063
113706599265, 1781790262744973
113706632610, 1781790262778386
113706665955, 1781790262812333
113706699301, 1781790262845641
113706732646, 1781790262895611
113706765991, 1781790262930518
113706799337, 1781790262961748
113706832682, 1781790262994998
113706866027, 1781790263028878
113706899373, 1781790263062233
113706932718, 1781790263095067
113706966063, 1781790263128473
113706999409, 1781790263161606
113707032754, 1781790263194940
113707066099, 1781790263229155
113707099445, 1781790263263170
113707132790, 1781790263295398
113707166135, 1781790263328361
113707199481, 1781790263361631
113707232826, 1781790263395389
113707266171, 1781790263428670
113707299517, 1781790263461842
113707332862, 1781790263494981
113707366207, 1781790263528799
113707399553, 1781790263562002
113707432898, 1781790263595399
113707466243, 1781790263629163
113707499589, 1781790263662214
113707532934, 1781790263694812
113707566279, 1781790263728774
113707599625, 1781790263762158
113707632970, 1781790263795360
113707666315, 1781790263828540
113707699661, 1781790263862435
113707733006, 1781790263895730
113707766351, 1781790263928547
113707799696, 1781790263961583
113707833042, 1781790263995213
113707866387, 1781790264030103
113707899732, 1781790264062249
113707933078, 1781790264094947
113707966423, 1781790264128564
113707999768, 1781790264161845
113708033114, 1781790264195124
113708066459, 1781790264228732
113708099804, 1781790264262297
113708133150, 1781790264295231
113708166495, 1781790264328444
113708199840, 1781790264361677
113708233186, 1781790264395477
113708266531, 1781790264428977
113708299876, 1781790264462233
113708333222, 1781790264495490
113708366567, 1781790264528355
113708399912, 1781790264561845
113708433258, 1781790264595153
113708466603, 1781790264628956
113708499948, 1781790264661952
113708533294, 1781790264694979
113708566639, 1781790264729016
113708599984, 1781790264762145
113708633329, 1781790264794882
113708666675, 1781790264828841
113708700020, 1781790264861741
113708733365, 1781790264895449
113708766711, 1781790264928644
113708800056, 1781790264961468
113708833401, 1781790264994842
113708866747, 1781790265028638
113708900092, 1781790265067683
113708933437, 1781790265095297
113708966783, 1781790265128317
113709000128, 1781790265161636
113709033473, 1781790265194900
113709066819, 1781790265228628
113709100164, 1781790265261963
113709133509, 1781790265294943
113709166854, 1781790265328868
113709200200, 1781790265362145
113709233545, 1781790265395316
113709266890, 1781790265428761
113709300236, 1781790265461778
113709333581, 1781790265494912
113709366926, 1781790265528511
113709400272, 1781790265561840
113709433617, 1781790265594922
113709466962, 1781790265629022
113709500308, 1781790265662138
113709533653, 1781790265695100
113709566998, 1781790265728227
113709600343, 1781790265761479
113709633689, 1781790265794725
113709667034, 1781790265828840
113709700379, 1781790265861755
113709733725, 1781790265895025
113709767070, 1781790265932792
113709800415, 1781790265961744
113709833761, 1781790265994920
113709867106, 1781790266030068
113709900451, 1781790266062050
113709933797, 1781790266094897
113709967142, 1781790266128279
113710000487, 1781790266161834
113710033832, 1781790266194925
113710067178, 1781790266229456
113710100523, 1781790266262069
113710133868, 1781790266295393
113710167214, 1781790266328216
113710200559, 1781790266361931
113710233904, 1781790266395455
113710267250, 1781790266428496
113710300595, 1781790266461556
113710333940, 1781790266495125
113710367285, 1781790266528278
113710400631, 1781790266561698
113710433976, 1781790266595219
113710467321, 1781790266628483
113710500667, 1781790266661753
113710534012, 1781790266695511
113710567357, 1781790266728719
113710600702, 1781790266762115
113710634048, 1781790266795464
113710667393, 1781790266828814
113710700738, 1781790266861896
113710734084, 1781790266895406
113710767429, 1781790266928389
113710800774, 1781790266962065
113710834120, 1781790266994882
113710867465, 1781790267028222
113710900810, 1781790267061979
113710934156, 1781790267095613
113710967501, 1781790267128833
113711000846, 1781790267162187
113711034191, 1781790267195472
113711067537, 1781790267228854
113711100882, 1781790267261864
113711134227, 1781790267295291
113711167573, 1781790267328230
113711200918, 1781790267361571
113711234263, 1781790267395351
113711267608, 1781790267430767
113711300954, 1781790267462726
113711334299, 1781790267495615
113711367644, 1781790267529053
113711400990, 1781790267562739
113711434335, 1781790267596167
113711467680, 1781790267629477
113711501026, 1781790267662582
113711534371, 1781790267695723
113711567716, 1781790267729218
113711601061, 1781790267762633
113711634407, 1781790267795857
113711667752, 1781790267828834
113711701097, 1781790267862659
113711734443, 1781790267895846
113711767788, 1781790267929057
113711801133, 1781790267962834
113711834478, 1781790267995180
113711867824, 1781790268036616
113711901169, 1781790268062555
113711934514, 1781790268095420
113711967860, 1781790268128805
113712001205, 1781790268161807
113712034550, 1781790268194809
113712067895, 1781790268228467
113712101241, 1781790268261878
113712134586, 1781790268295067
113712167931, 1781790268328557
113712201277, 1781790268361529
113712234622, 1781790268395242
113712267967, 1781790268428494
113712301312, 1781790268461808
113712334658, 1781790268494965
113712368003, 1781790268528581
113712401348, 1781790268562034
113712434694, 1781790268594863
113712468039, 1781790268628822
113712501384, 1781790268661926
113712534729, 1781790268694960
113712568075, 1781790268728229
113712601420, 1781790268762822
113712634765, 1781790268795337
113712668111, 1781790268828780
113712701456, 1781790268861653
113712734801, 1781790268895307
113712768146, 1781790268929282
113712801492, 1781790268961658
113712834837, 1781790268995062
113712868182, 1781790269029111
113712901528, 1781790269061991
113712934873, 1781790269095077
113712968218, 1781790269128299
113713001563, 1781790269161605
113713034909, 1781790269195477
113713068254, 1781790269228799
113713101599, 1781790269262073
113713134944, 1781790269295243
113713168290, 1781790269328455
113713201635, 1781790269361557
113713234980, 1781790269395252
113713268326, 1781790269428824
113713301671, 1781790269462317
113713335016, 1781790269495258
113713368361, 1781790269531071
113713401707, 1781790269562595
113713435052, 1781790269594777
113713468397, 1781790269628535
113713501743, 1781790269661681
113713535088, 1781790269694851
113713568433, 1781790269728636
113713601778, 1781790269762171
113713635124, 1781790269794835
113713668469, 1781790269828288
113713701814, 1781790269861607
113713735159, 1781790269895029
113713768505, 1781790269928155
113713801850, 1781790269961425
113713835195, 1781790269994822
113713868541, 1781790270028376
113713901886, 1781790270061556
113713935231, 1781790270095012
113713968576, 1781790270128078
113714001922, 1781790270161679
113714035267, 1781790270194757
113714068612, 1781790270228353
113714101957, 1781790270261938
113714135303, 1781790270295124
113714168648, 1781790270328155
113714201993, 1781790270361623
113714235338, 1781790270395222
113714268684, 1781790270428412
113714302029, 1781790270462050
113714335374, 1781790270495002
113714368719, 1781790270528304
113714402065, 1781790270561617
113714435410, 1781790270594905
113714468755, 1781790270628771
113714502100, 1781790270661519
113714535446, 1781790270695225
113714568791, 1781790270728735
113714602136, 1781790270761887
113714635482, 1781790270795268
113714668827, 1781790270828599
113714702172, 1781790270861800
113714735517, 1781790270895332
113714768863, 1781790270928846
113714802208, 1781790270961638
113714835553, 1781790270994756
113714868898, 1781790271031540
113714902244, 1781790271062112
113714935589, 1781790271095106
113714968934, 1781790271128302
113715002279, 1781790271161464
113715035625, 1781790271194916
113715068970, 1781790271228742
113715102315, 1781790271263202
113715135660, 1781790271295422
113715169006, 1781790271328484
113715202351, 1781790271361629
113715235696, 1781790271395333
113715269042, 1781790271428774
113715302387, 1781790271461571
113715335732, 1781790271495213
113715369077, 1781790271528486
113715402423, 1781790271561483
113715435768, 1781790271594765
113715469113, 1781790271628863
113715502458, 1781790271662062
113715535803, 1781790271695074
113715569149, 1781790271728506
113715602494, 1781790271761474
113715635839, 1781790271803796
113715669184, 1781790271828730
113715702530, 1781790271861650
113715735875, 1781790271895057
113715769220, 1781790271928760
113715802565, 1781790271962024
113715835911, 1781790271995204
113715869256, 1781790272028726
113715902601, 1781790272061624
113715935947, 1781790272094596
113715969292, 1781790272128264
113716002637, 1781790272161786
113716035982, 1781790272194989
113716069328, 1781790272228678
113716102673, 1781790272261523
113716136018, 1781790272295181
113716169363, 1781790272328354
113716202708, 1781790272361360
113716236054, 1781790272395620
113716269399, 1781790272428635
113716302744, 1781790272461550
113716336090, 1781790272494900
113716369435, 1781790272528679
113716402780, 1781790272561837
113716436125, 1781790272595070
113716469471, 1781790272628870
113716502816, 1781790272661410
113716536161, 1781790272694861
113716569506, 1781790272728752
113716602851, 1781790272761978
113716636197, 1781790272795212
113716669542, 1781790272828944
113716702887, 1781790272862413
113716736232, 1781790272895474
113716769578, 1781790272928758
113716802923, 1781790272961718
113716836268, 1781790272994927
113716869613, 1781790273028447
113716902959, 1781790273061893
113716936304, 1781790273095324
113716969649, 1781790273130201
113717002995, 1781790273165399
113717036340, 1781790273195223
113717069685, 1781790273228427
113717103030, 1781790273261366
113717136375, 1781790273294796
113717169721, 1781790273328620
113717203066, 1781790273361335
113717236411, 1781790273395233
113717269756, 1781790273428801
113717303102, 1781790273462410
113717336447, 1781790273495339
113717369792, 1781790273528740
113717403137, 1781790273561380
113717436483, 1781790273594976
113717469828, 1781790273628775
113717503173, 1781790273661429
113717536518, 1781790273695070
113717569864, 1781790273730714
113717603209, 1781790273762700
113717636554, 1781790273795387
113717669899, 1781790273828280
113717703244, 1781790273861440
113717736590, 1781790273895439
113717769935, 1781790273928292
113717803280, 1781790273961581
113717836625, 1781790273994787
113717869971, 1781790274034523
113717903316, 1781790274061639
113717936661, 1781790274095210
113717970007, 1781790274128530
113718003352, 1781790274161536
113718036697, 1781790274194740
113718070042, 1781790274228564
113718103387, 1781790274261900
113718136733, 1781790274294991
113718170078, 1781790274328284
113718203423, 1781790274365045
113718236768, 1781790274395321
113718270114, 1781790274428569
113718303459, 1781790274461754
113718336804, 1781790274505639
113718370149, 1781790274528536
113718403495, 1781790274561686
113718436840, 1781790274594988
113718470185, 1781790274628464
113718503530, 1781790274661955
113718536875, 1781790274695340
113718570221, 1781790274728657
113718603566, 1781790274761374
113718636911, 1781790274794770
113718670256, 1781790274828574
113718703602, 1781790274861357
113718736947, 1781790274901420
113718770292, 1781790274935539
113718803637, 1781790274962374
113718836983, 1781790274995306
113718870328, 1781790275029671
113718903673, 1781790275061780
113718937018, 1781790275095045
113718970363, 1781790275128521
113719003709, 1781790275161533
113719037054, 1781790275194978
113719070399, 1781790275228907
113719103744, 1781790275261889
113719137090, 1781790275305642
113719170435, 1781790275328527
113719203780, 1781790275361964
113719237125, 1781790275395427
113719270471, 1781790275428602
113719303816, 1781790275461488
113719337161, 1781790275495056
113719370506, 1781790275528620
113719403851, 1781790275561973
113719437197, 1781790275595399
113719470542, 1781790275628641
113719503887, 1781790275661431
113719537232, 1781790275694768
113719570578, 1781790275728431
113719603923, 1781790275761197
113719637268, 1781790275798598
113719670613, 1781790275828622
113719703959, 1781790275862126
113719737304, 1781790275895775
113719770649, 1781790275928767
113719803994, 1781790275961897
113719837339, 1781790275994923
113719870685, 1781790276028916
113719904030, 1781790276062001
113719937375, 1781790276095017
113719970720, 1781790276128238
113720004066, 1781790276161842
113720037411, 1781790276195275
113720070756, 1781790276228157
113720104101, 1781790276261526
113720137447, 1781790276294832
113720170792, 1781790276328477
113720204137, 1781790276361365
113720237482, 1781790276395164
113720270827, 1781790276432853
113720304173, 1781790276462388
113720337518, 1781790276495967
113720370863, 1781790276528316
113720404208, 1781790276561536
113720437554, 1781790276594461
113720470899, 1781790276628550
113720504244, 1781790276661363
113720537589, 1781790276697414
113720570934, 1781790276729916
113720604280, 1781790276762076
113720637625, 1781790276794644
113720670970, 1781790276828596
113720704315, 1781790276861360
113720737660, 1781790276895185
113720771006, 1781790276928281
113720804351, 1781790276961544
113720837696, 1781790276998844
113720871041, 1781790277032229
113720904387, 1781790277061955
113720937732, 1781790277094741
113720971077, 1781790277128180
113721004422, 1781790277161490
113721037767, 1781790277194600
113721071113, 1781790277228452
113721104458, 1781790277261388
113721137803, 1781790277298278
113721171148, 1781790277328566
113721204494, 1781790277362168
113721237839, 1781790277395132
113721271184, 1781790277428295
113721304529, 1781790277461256
113721337874, 1781790277494754
113721371220, 1781790277528533
113721404565, 1781790277561944
113721437910, 1781790277594840
113721471255, 1781790277628817
113721504601, 1781790277661993
113721537946, 1781790277694675
113721571291, 1781790277728166
113721604636, 1781790277761663
113721637981, 1781790277794537
113721671327, 1781790277828504
113721704672, 1781790277861571
113721738017, 1781790277895059
113721771362, 1781790277928435
113721804707, 1781790277961653
113721838053, 1781790277994624
113721871398, 1781790278028324
113721904743, 1781790278061499
113721938088, 1781790278094985
113721971433, 1781790278128381
113722004779, 1781790278161672
113722038124, 1781790278201277
113722071469, 1781790278228284
113722104814, 1781790278262144
113722138160, 1781790278294810
113722171505, 1781790278328461
113722204850, 1781790278361568
113722238195, 1781790278394987
113722271540, 1781790278428179
113722304886, 1781790278461331
113722338231, 1781790278494903
113722371576, 1781790278528515
113722404921, 1781790278561766
113722438266, 1781790278595271
113722471612, 1781790278628578
113722504957, 1781790278661845
113722538302, 1781790278694435
113722571647, 1781790278728350
113722604992, 1781790278762345
113722638338, 1781790278809452
113722671683, 1781790278828498
113722705028, 1781790278862167
113722738373, 1781790278895387
113722771719, 1781790278928793
113722805064, 1781790278962204
113722838409, 1781790278995366
113722871754, 1781790279033023
113722905099, 1781790279061981
113722938445, 1781790279094651
113722971790, 1781790279128627
113723005135, 1781790279162311
113723038480, 1781790279195523
113723071825, 1781790279228784
113723105171, 1781790279261886
113723138516, 1781790279294747
113723171861, 1781790279328497
113723205206, 1781790279361878
113723238551, 1781790279395561
113723271897, 1781790279428258
113723305242, 1781790279462344
113723338587, 1781790279494913
113723371932, 1781790279528395
113723405277, 1781790279561652
113723438623, 1781790279594858
113723471968, 1781790279628616
113723505313, 1781790279661343
113723538658, 1781790279694721
113723572004, 1781790279728757
113723605349, 1781790279761967
113723638694, 1781790279794677
113723672039, 1781790279828339
113723705385, 1781790279861223
113723738730, 1781790279894684
113723772075, 1781790279927933
113723805420, 1781790279961284
113723838765, 1781790279994732
113723872110, 1781790280032555
113723905456, 1781790280061836
113723938801, 1781790280094693
113723972146, 1781790280128148
113724005491, 1781790280161550
113724038837, 1781790280194729
113724072182, 1781790280228273
113724105527, 1781790280261196
113724138872, 1781790280295057
113724172217, 1781790280328130
113724205563, 1781790280361919
113724238908, 1781790280395195
113724272253, 1781790280428123
113724305598, 1781790280461208
113724338943, 1781790280494612
113724372289, 1781790280528198
113724405634, 1781790280561655
113724438979, 1781790280594644
113724472324, 1781790280628644
113724505669, 1781790280661163
113724539015, 1781790280694680
113724572360, 1781790280728058
113724605705, 1781790280761780
113724639050, 1781790280794849
113724672395, 1781790280828500
113724705740, 1781790280861158
113724739086, 1781790280895012
113724772431, 1781790280928537
113724805776, 1781790280961578
113724839121, 1781790280994504
113724872466, 1781790281027959
113724905812, 1781790281061610
113724939157, 1781790281094696
113724972502, 1781790281128176
113725005847, 1781790281161571
113725039192, 1781790281194472
113725072537, 1781790281228352
113725105882, 1781790281261193
113725139228, 1781790281294945
113725172573, 1781790281328198
113725205918, 1781790281361565
113725239263, 1781790281394991
113725272608, 1781790281428458
113725305953, 1781790281461426
113725339299, 1781790281494901
113725372644, 1781790281528556
113725405989, 1781790281561606
113725439334, 1781790281594822
113725472679, 1781790281628498
113725506025, 1781790281661233
113725539370, 1781790281694522
113725572715, 1781790281728361
113725606060, 1781790281761511
113725639405, 1781790281794425
113725672750, 1781790281828501
113725706095, 1781790281861784
113725739441, 1781790281894962
113725772786, 1781790281928170
113725806131, 1781790281961771
